-0.6756306
1.36856
-1.651884
-0.3761573
2.684791
-1.511177
1.779537
-2.967722
3.419284
-4.668107
5.445092
-4.663571
5.44372
-4.773359
3.615537
-3.723661
3.604527
-3.846107
3.963416
-3.396901
3.010059
-4.513199
5.75656
-5.270114
4.464582
-3.906792
3.263867
-5.316859
3.915072
-5.971952
5.404215
-4.85852
3.979622
-5.949992
6.435697
-3.817951
3.159173
-2.281901
2.639286
-2.86567
2.73222
-2.654073
3.836843
-2.851749
3.666942
-3.897345
1.372137
-2.514736
0.6040177
0.6479741
0.1167349
-0.5695161
1.651872
-1.483226
2.552048
